{
  "locations": [
    { "name": "Depot A", "coords": [10, 50] },
    { "name": "Depot B", "coords": [90, 50] },
    { "name": "C1", "coords": [15, 60], "demand": 3 },
    { "name": "C2", "coords": [5, 40], "demand": 4 },
    { "name": "C3", "coords": [85, 60], "demand": 3 },
    { "name": "C4", "coords": [95, 40], "demand": 4 },
    { "name": "C5 (Contested)", "coords": [50, 50], "demand": 5 },
    { "name": "C6", "coords": [20, 70], "demand": 2 },
    { "name": "C7", "coords": [25, 45], "demand": 3 },
    { "name": "C8", "coords": [5, 55], "demand": 1 },
    { "name": "C9", "coords": [80, 70], "demand": 2 },
    { "name": "C10", "coords": [75, 45], "demand": 3 },
    { "name": "C11", "coords": [95, 55], "demand": 1 },
    { "name": "C12 (Contested)", "coords": [55, 30], "demand": 4 },
    { "name": "C13 (Contested)", "coords": [45, 70], "demand": 4 }
  ],
  "depots": [
    {
      "name": "Depot A",
      "fleet": [
        { "capacity": 1000, "range_kms": 10000, "fixed_cost": 0 }
      ]
    },
    {
      "name": "Depot B",
      "fleet": [
        { "capacity": 1000, "range_kms": 10000, "fixed_cost": 0 }
      ]
    }
  ],
  "distance_matrix": [
    [0, 80, 11, 11, 76, 86, 40, 22, 16, 5, 73, 66, 85, 50, 40],
    [80, 0, 76, 86, 11, 11, 40, 73, 66, 85, 22, 16, 5, 45, 50],
    [11, 76, 0, 22, 71, 81, 36, 11, 18, 11, 66, 61, 81, 43, 32],
    [11, 86, 22, 0, 81, 90, 45, 34, 20, 6, 85, 78, 91, 54, 47],
    [76, 11, 71, 81, 0, 22, 36, 66, 61, 81, 11, 18, 11, 43, 40],
    [86, 11, 81, 90, 22, 0, 45, 85, 78, 91, 11, 20, 6, 54, 47],
    [40, 40, 36, 45, 36, 45, 0, 36, 25, 45, 36, 25, 45, 21, 21],
    [22, 73, 11, 34, 66, 85, 36, 0, 26, 20, 61, 56, 81, 47, 25],
    [16, 66, 18, 20, 61, 78, 25, 26, 0, 50, 51, 43, 71, 34, 32],
    [5, 85, 11, 6, 81, 91, 45, 20, 50, 0, 85, 78, 90, 56, 43],
    [73, 22, 66, 85, 11, 20, 36, 61, 51, 85, 0, 26, 18, 32, 36],
    [66, 16, 61, 78, 18, 11, 25, 56, 43, 78, 26, 0, 20, 25, 39],
    [85, 5, 81, 91, 11, 6, 45, 81, 71, 90, 18, 20, 0, 45, 52],
    [50, 45, 43, 54, 43, 54, 21, 47, 34, 56, 32, 25, 45, 0, 41],
    [40, 50, 32, 47, 40, 47, 21, 25, 32, 43, 36, 39, 52, 41, 0]
  ]
}

